
Epochs5 LearningRate0.0001 BatchSize64
=========================================
2.4003 1.4229 1.1300 1.0121 0.9489
0.3806 0.7825 0.8710 0.9050 0.9238
1.7441 1.2610 1.0957 1.0180 0.9712
0.6647 0.8176 0.8642 0.8871 0.8971

0.5997 0.4869 0.4284 0.3948 0.3727
0.7213 0.7846 0.8589 0.8930 0.9134
0.5328 0.4629 0.4158 0.3887 0.3743
0.7424 0.8369 0.8738 0.9098 0.9278

0.6157 0.4942 0.4511 0.4259 0.4131
0.6799 0.8065 0.8397 0.8594 0.8685
0.5381 0.4673 0.4314 0.4094 0.3967
0.7778 0.8392 0.8621 0.8814 0.8985
=========================================

Epochs5 LearningRate0.0001 BatchSize128
=========================================
2.6423 1.7572 1.3629 1.1764 1.0743
0.2625 0.6549 0.7963 0.8549 0.8846
2.0949 1.5281 1.2758 1.1487 1.0737
0.5076 0.7428 0.8190 0.8490 0.8747

0.7732 0.5481 0.5132 0.4846 0.4624
0.5531 0.7400 0.7625 0.7861 0.8224
0.5708 0.5425 0.5062 0.4803 0.4561
0.7390 0.7785 0.7759 0.8240 0.8377

0.7027 0.5554 0.4971 0.4674 0.4450
0.5955 0.7463 0.8044 0.8297 0.8456
0.6112 0.5283 0.4854 0.4583 0.4407
0.6735 0.7642 0.8071 0.8321 0.8464
=========================================

Epochs5 LearningRate0.001 BatchSize64
=========================================
1.1536 0.8051 0.7620 0.7360 0.7221
0.8331 0.9717 0.9834 0.9910 0.9944
0.8796 0.8260 0.8097 0.7907 0.7887
0.9423 0.9576 0.9614 0.9680 0.9652

0.4258 0.3379 0.3214 0.3127 0.3157
0.8471 0.9237 0.9357 0.9423 0.9440
0.3332 0.3100 0.3078 0.3026 0.2957
0.9347 0.9476 0.9502 0.9433 0.9579

0.4486 0.3715 0.3553 0.3499 0.3417
0.8324 0.8999 0.9073 0.9149 0.9216
0.3865 0.3648 0.3594 0.3498 0.3556
0.8907 0.9057 0.9035 0.9157 0.9150
=========================================

Epochs5 LearningRate0.001 BatchSize128
=========================================
1.3177 0.8493 0.7919 0.7607 0.7423
0.7794 0.9576 0.9751 0.9853 0.9895
0.9327 0.8530 0.8267 0.8088 0.8014
0.9228 0.9480 0.9533 0.9576 0.9638

0.4728 0.3559 0.3387 0.3310 0.3165
0.8118 0.9141 0.9259 0.9291 0.9384
0.3714 0.3311 0.3242 0.3088 0.3043
0.9021 0.9313 0.9381 0.9502 0.9493

0.4699 0.3807 0.3633 0.3602 0.3509
0.8158 0.8934 0.9056 0.9056 0.9123
0.3806 0.3525 0.3496 0.3410 0.3405
0.8928 0.9171 0.9114 0.9257 0.9235
=========================================
